{
 "cells": [
  {
   "metadata": {},
   "cell_type": "code",
   "source": [
    "# Шаг 7_2_1\n",
    "\n",
    "# Спектральное и сингулярное разложение матриц\n",
    "\n",
    "# 1. Спектральное разложение матриц\n",
    "# 2. Что такое квадратичные формы\n",
    "# 3. Упрощение квадратичных форм с помощью спектрального разложения\n",
    "# 4. Сингулярное разложение матриц\n",
    "# 5. Связь между спектральным и сингулярным разложениями (частный случай для квадратных матриц)"
   ],
   "id": "14cf844995e9069c",
   "outputs": [],
   "execution_count": null
  },
  {
   "metadata": {
    "ExecuteTime": {
     "end_time": "2026-01-28T17:41:47.291553Z",
     "start_time": "2026-01-28T17:41:47.288071Z"
    }
   },
   "cell_type": "code",
   "source": [
    "# Шаг 7_2_2\n",
    "\n",
    "# Спектральное разложение матрицы\n",
    "\n",
    "import numpy as np\n",
    "\n",
    "np.set_printoptions(precision = 2, suppress = True)\n",
    "\n",
    "A = np.array([[1.0, 2.0, -1.0], [2.0, 2.0, 5.0], [-1.0, 5.0, -3.0]])\n",
    "A"
   ],
   "id": "d97b0a8d7d70ffe1",
   "outputs": [
    {
     "data": {
      "text/plain": [
       "array([[ 1.,  2., -1.],\n",
       "       [ 2.,  2.,  5.],\n",
       "       [-1.,  5., -3.]])"
      ]
     },
     "execution_count": 10,
     "metadata": {},
     "output_type": "execute_result"
    }
   ],
   "execution_count": 10
  },
  {
   "metadata": {
    "ExecuteTime": {
     "end_time": "2026-01-28T17:41:49.711265Z",
     "start_time": "2026-01-28T17:41:49.709057Z"
    }
   },
   "cell_type": "code",
   "source": "v, w = np.linalg.eigh(A)",
   "id": "4b07ea4d5f86a014",
   "outputs": [],
   "execution_count": 11
  },
  {
   "metadata": {
    "ExecuteTime": {
     "end_time": "2026-01-28T17:41:51.247129Z",
     "start_time": "2026-01-28T17:41:51.244130Z"
    }
   },
   "cell_type": "code",
   "source": "v",
   "id": "708b25d247555e3b",
   "outputs": [
    {
     "data": {
      "text/plain": [
       "array([-6.5753629 ,  1.14911837,  5.42624453])"
      ]
     },
     "execution_count": 12,
     "metadata": {},
     "output_type": "execute_result"
    }
   ],
   "execution_count": 12
  },
  {
   "metadata": {
    "ExecuteTime": {
     "end_time": "2026-01-28T17:41:52.744483Z",
     "start_time": "2026-01-28T17:41:52.741770Z"
    }
   },
   "cell_type": "code",
   "source": "w",
   "id": "bd366a1514956e90",
   "outputs": [
    {
     "data": {
      "text/plain": [
       "array([[-0.24709   ,  0.92927297, -0.27458749],\n",
       "       [ 0.5304425 , -0.10742791, -0.84088643],\n",
       "       [-0.81091139, -0.3534275 , -0.46638151]])"
      ]
     },
     "execution_count": 13,
     "metadata": {},
     "output_type": "execute_result"
    }
   ],
   "execution_count": 13
  },
  {
   "metadata": {
    "ExecuteTime": {
     "end_time": "2026-01-28T17:41:55.551118Z",
     "start_time": "2026-01-28T17:41:55.548185Z"
    }
   },
   "cell_type": "code",
   "source": [
    "D = np.diag(v)\n",
    "D"
   ],
   "id": "f759dfbc9a316872",
   "outputs": [
    {
     "data": {
      "text/plain": [
       "array([[-6.5753629 ,  0.        ,  0.        ],\n",
       "       [ 0.        ,  1.14911837,  0.        ],\n",
       "       [ 0.        ,  0.        ,  5.42624453]])"
      ]
     },
     "execution_count": 14,
     "metadata": {},
     "output_type": "execute_result"
    }
   ],
   "execution_count": 14
  },
  {
   "metadata": {
    "ExecuteTime": {
     "end_time": "2026-01-28T17:41:56.967615Z",
     "start_time": "2026-01-28T17:41:56.964562Z"
    }
   },
   "cell_type": "code",
   "source": [
    "S = w.T\n",
    "S"
   ],
   "id": "365fce33e1d572a",
   "outputs": [
    {
     "data": {
      "text/plain": [
       "array([[-0.24709   ,  0.5304425 , -0.81091139],\n",
       "       [ 0.92927297, -0.10742791, -0.3534275 ],\n",
       "       [-0.27458749, -0.84088643, -0.46638151]])"
      ]
     },
     "execution_count": 15,
     "metadata": {},
     "output_type": "execute_result"
    }
   ],
   "execution_count": 15
  },
  {
   "metadata": {
    "ExecuteTime": {
     "end_time": "2026-01-28T17:41:58.670546Z",
     "start_time": "2026-01-28T17:41:58.667993Z"
    }
   },
   "cell_type": "code",
   "source": "S.T",
   "id": "ab252e74e0ef5830",
   "outputs": [
    {
     "data": {
      "text/plain": [
       "array([[-0.24709   ,  0.92927297, -0.27458749],\n",
       "       [ 0.5304425 , -0.10742791, -0.84088643],\n",
       "       [-0.81091139, -0.3534275 , -0.46638151]])"
      ]
     },
     "execution_count": 16,
     "metadata": {},
     "output_type": "execute_result"
    }
   ],
   "execution_count": 16
  },
  {
   "metadata": {
    "ExecuteTime": {
     "end_time": "2026-01-28T17:41:59.813856Z",
     "start_time": "2026-01-28T17:41:59.810656Z"
    }
   },
   "cell_type": "code",
   "source": "np.dot(S.T, S)",
   "id": "759fadd449f67242",
   "outputs": [
    {
     "data": {
      "text/plain": [
       "array([[1.00000000e+00, 5.80413027e-17, 1.16447902e-16],\n",
       "       [5.80413027e-17, 1.00000000e+00, 4.58528324e-17],\n",
       "       [1.16447902e-16, 4.58528324e-17, 1.00000000e+00]])"
      ]
     },
     "execution_count": 17,
     "metadata": {},
     "output_type": "execute_result"
    }
   ],
   "execution_count": 17
  },
  {
   "metadata": {
    "ExecuteTime": {
     "end_time": "2026-01-28T17:42:01.712006Z",
     "start_time": "2026-01-28T17:42:01.708844Z"
    }
   },
   "cell_type": "code",
   "source": "np.dot(np.dot(S.T, D), S)",
   "id": "825215b2714a5513",
   "outputs": [
    {
     "data": {
      "text/plain": [
       "array([[ 1.,  2., -1.],\n",
       "       [ 2.,  2.,  5.],\n",
       "       [-1.,  5., -3.]])"
      ]
     },
     "execution_count": 18,
     "metadata": {},
     "output_type": "execute_result"
    }
   ],
   "execution_count": 18
  },
  {
   "metadata": {
    "ExecuteTime": {
     "end_time": "2026-01-27T17:31:48.893653Z",
     "start_time": "2026-01-27T17:31:48.891655Z"
    }
   },
   "cell_type": "code",
   "source": [
    "# Шаг 7_2_3\n",
    "\n",
    "# Квадратичные формы\n",
    "\n",
    "# P(x,y,z) = x**2 + 2*y**2 - 3*z**2 + 4*x*y + 10*y*z - 2*x*z\n",
    "\n",
    "#                   (1  2 -1  (x\n",
    "# P(x,y,z) = (x y z) 2  2  5   y\n",
    "#                   -1  5 -3 ) z)\n"
   ],
   "id": "b05e5518e9c22578",
   "outputs": [],
   "execution_count": 13
  },
  {
   "metadata": {
    "ExecuteTime": {
     "end_time": "2026-01-27T17:48:07.636192Z",
     "start_time": "2026-01-27T17:48:07.633463Z"
    }
   },
   "cell_type": "code",
   "source": [
    "# Шаг 7_2_4\n",
    "\n",
    "# Выберите все функции, являющиеся квадратичными формами\n",
    "\n",
    "# Выберите все подходящие ответы из списка:\n",
    "\n",
    "# - P(x) = 8x³ - 4x² + 2x - 1\n",
    "# - P(x, y) = x⁴ + y³ + x² + y + 42\n",
    "# - P(x) = 9x² - 6x + 1\n",
    "# + P(x) = x²\n",
    "# + P(x, y) = x² + 2xy + y²\n",
    "# + P(x, y) = (3x - 2y)²\n",
    "# - P(x) = (3x - 1)²\n",
    "# - P(x, y) = x² + 2xy + y² + 3x + 3y + 4\n",
    "\n"
   ],
   "id": "5eb7a8986cded666",
   "outputs": [],
   "execution_count": 14
  },
  {
   "metadata": {
    "ExecuteTime": {
     "end_time": "2026-01-27T17:48:09.251135Z",
     "start_time": "2026-01-27T17:48:09.248979Z"
    }
   },
   "cell_type": "code",
   "source": [
    "# Шаг 7_2_5\n",
    "\n",
    "# Выберите все функции, являющиеся квадратичными формами\n",
    "\n",
    "# В данном вопросе есть небольшой подвох.\n",
    "\n",
    "# Выберите все подходящие ответы из списка:\n",
    "\n",
    "# + P(x, y) = (x + y)²\n",
    "# + P(x, y) = x²\n",
    "# + P(x, y) = x² + y²\n",
    "# + P(x, y) = x² + xy + y²\n",
    "# + P(x, y) = xy\n"
   ],
   "id": "872a9e65277142d7",
   "outputs": [],
   "execution_count": 15
  },
  {
   "metadata": {},
   "cell_type": "code",
   "outputs": [],
   "execution_count": null,
   "source": [
    "# Шаг 7_2_6\n",
    "\n",
    "# Какая из квадратичных форм соответствует матричной записи:\n",
    "\n",
    "# P(w, x, y, z) = (w  x  y  z) ·\n",
    "#   ⎡ 1   0   2  -1⎤\n",
    "#   ⎢ 0  -2   3   0⎥\n",
    "#   ⎢ 2   3   0   0⎥\n",
    "#   ⎣-1   0   0   1⎦\n",
    "# · (w, x, y, z)ᵀ\n",
    "\n",
    "# Выберите один вариант из списка:\n",
    "# + P(w, x, y, z) = w² - 2x² + z² + 4wy - 2wz + 6xy\n",
    "# - P(w, x, y, z) = x² - 2y² + z² + 4wy - 2wz + 6xy\n",
    "# - P(w, x, y, z) = w² - 2x² + y² + z² + 4wy - 2wz + 6xy\n",
    "# - P(w, x, y, z) = x² - 2y² + w² + 4xz - 2xw + 6yz\n",
    "# - P(w, x, y, z) = w² - 2x² + z² + 2wy - wz + 3xy\n",
    "# - P(w, x, y, z) = w² - 2x² + z² + wx + 4wy - 2wz + 6xy + xz + yz"
   ],
   "id": "d22399924c836b1"
  },
  {
   "metadata": {
    "ExecuteTime": {
     "end_time": "2026-01-28T17:44:30.185910Z",
     "start_time": "2026-01-28T17:44:30.182975Z"
    }
   },
   "cell_type": "code",
   "source": [
    "# Шаг 7_2_7\n",
    "\n",
    "import numpy as np\n",
    "\n",
    "np.set_printoptions(precision = 2, suppress = True)\n",
    "\n",
    "A = np.array([[1.0, 2.0, -1.0], [2.0, 2.0, 5.0], [-1.0, 5.0, -3.0]])\n",
    "\n",
    "v,w = np.linalg.eigh(A)\n",
    "\n",
    "D = np.diag(v)\n",
    "s = w.T\n",
    "\n",
    "print('D = \\n', D)\n",
    "print('S = \\n', S)"
   ],
   "id": "5809adfd8f93102a",
   "outputs": [
    {
     "name": "stdout",
     "output_type": "stream",
     "text": [
      "D = \n",
      " [[-6.58  0.    0.  ]\n",
      " [ 0.    1.15  0.  ]\n",
      " [ 0.    0.    5.43]]\n",
      "S = \n",
      " [[-0.25  0.53 -0.81]\n",
      " [ 0.93 -0.11 -0.35]\n",
      " [-0.27 -0.84 -0.47]]\n"
     ]
    }
   ],
   "execution_count": 20
  },
  {
   "metadata": {
    "ExecuteTime": {
     "end_time": "2026-01-28T19:08:41.753451Z",
     "start_time": "2026-01-28T19:08:41.749667Z"
    }
   },
   "cell_type": "code",
   "source": [
    "# Шаг 7_2_8\n",
    "\n",
    "# Сингулярное разложение матрицы\n",
    "\n",
    "import numpy as np\n",
    "\n",
    "np.set_printoptions(precision = 2, suppress = True)\n",
    "\n",
    "X = np.array([[1, 2, 0], [0, 0, 5], [3, -4, 2], [1, 6, 5], [0, 1, 0]])\n",
    "X"
   ],
   "id": "70d03171d19d8365",
   "outputs": [
    {
     "data": {
      "text/plain": [
       "array([[ 1,  2,  0],\n",
       "       [ 0,  0,  5],\n",
       "       [ 3, -4,  2],\n",
       "       [ 1,  6,  5],\n",
       "       [ 0,  1,  0]])"
      ]
     },
     "execution_count": 21,
     "metadata": {},
     "output_type": "execute_result"
    }
   ],
   "execution_count": 21
  },
  {
   "metadata": {
    "ExecuteTime": {
     "end_time": "2026-01-28T19:09:34.749960Z",
     "start_time": "2026-01-28T19:09:34.747697Z"
    }
   },
   "cell_type": "code",
   "source": "U, s, W = np.linalg.svd(X)",
   "id": "cca186180e3a06a3",
   "outputs": [],
   "execution_count": 24
  },
  {
   "metadata": {
    "ExecuteTime": {
     "end_time": "2026-01-28T19:09:41.934077Z",
     "start_time": "2026-01-28T19:09:41.931203Z"
    }
   },
   "cell_type": "code",
   "source": "U",
   "id": "27f8e6a794fcb7e2",
   "outputs": [
    {
     "data": {
      "text/plain": [
       "array([[ 0.17056501,  0.15680918, -0.53077508, -0.79905375, -0.16158397],\n",
       "       [ 0.39287016, -0.52933945,  0.6134793 , -0.43375771,  0.03082495],\n",
       "       [-0.14366152, -0.82449256, -0.52379105,  0.14049848,  0.07400343],\n",
       "       [ 0.88843702,  0.06074346, -0.24655277,  0.37755832, -0.06042632],\n",
       "       [ 0.08125046,  0.10831843, -0.08231425, -0.10524851,  0.98173958]])"
      ]
     },
     "execution_count": 25,
     "metadata": {},
     "output_type": "execute_result"
    }
   ],
   "execution_count": 25
  },
  {
   "metadata": {
    "ExecuteTime": {
     "end_time": "2026-01-28T19:09:56.215986Z",
     "start_time": "2026-01-28T19:09:56.213151Z"
    }
   },
   "cell_type": "code",
   "source": [
    "V = W.T\n",
    "V"
   ],
   "id": "31eae26e915b6f7",
   "outputs": [
    {
     "data": {
      "text/plain": [
       "array([[ 0.07116451, -0.36737824, -0.92734505],\n",
       "       [ 0.71702467,  0.66514082, -0.20847855],\n",
       "       [ 0.69340553, -0.65009301,  0.31075368]])"
      ]
     },
     "execution_count": 27,
     "metadata": {},
     "output_type": "execute_result"
    }
   ],
   "execution_count": 27
  },
  {
   "metadata": {
    "ExecuteTime": {
     "end_time": "2026-01-28T19:10:00.892543Z",
     "start_time": "2026-01-28T19:10:00.889428Z"
    }
   },
   "cell_type": "code",
   "source": "s",
   "id": "3f68da679bf03a22",
   "outputs": [
    {
     "data": {
      "text/plain": [
       "array([8.82486885, 6.14060608, 2.53271528])"
      ]
     },
     "execution_count": 28,
     "metadata": {},
     "output_type": "execute_result"
    }
   ],
   "execution_count": 28
  },
  {
   "metadata": {
    "ExecuteTime": {
     "end_time": "2026-01-28T19:10:36.406383Z",
     "start_time": "2026-01-28T19:10:36.403534Z"
    }
   },
   "cell_type": "code",
   "source": [
    "D = np.zeros_like(X, dtype = float)\n",
    "D"
   ],
   "id": "6cdc9e0ee406c061",
   "outputs": [
    {
     "data": {
      "text/plain": [
       "array([[0., 0., 0.],\n",
       "       [0., 0., 0.],\n",
       "       [0., 0., 0.],\n",
       "       [0., 0., 0.],\n",
       "       [0., 0., 0.]])"
      ]
     },
     "execution_count": 30,
     "metadata": {},
     "output_type": "execute_result"
    }
   ],
   "execution_count": 30
  },
  {
   "metadata": {
    "ExecuteTime": {
     "end_time": "2026-01-28T19:11:40.434720Z",
     "start_time": "2026-01-28T19:11:40.431909Z"
    }
   },
   "cell_type": "code",
   "source": [
    "D[np.diag_indices(min(X.shape))] = s\n",
    "D"
   ],
   "id": "ccbfe3e6a584e69c",
   "outputs": [
    {
     "data": {
      "text/plain": [
       "array([[8.82486885, 0.        , 0.        ],\n",
       "       [0.        , 6.14060608, 0.        ],\n",
       "       [0.        , 0.        , 2.53271528],\n",
       "       [0.        , 0.        , 0.        ],\n",
       "       [0.        , 0.        , 0.        ]])"
      ]
     },
     "execution_count": 33,
     "metadata": {},
     "output_type": "execute_result"
    }
   ],
   "execution_count": 33
  },
  {
   "metadata": {
    "ExecuteTime": {
     "end_time": "2026-01-28T19:11:58.076215Z",
     "start_time": "2026-01-28T19:11:58.055576Z"
    }
   },
   "cell_type": "code",
   "source": "np.dot(U.T, U)",
   "id": "3b7ac5e0f782ca52",
   "outputs": [
    {
     "data": {
      "text/plain": [
       "array([[ 1.00000000e+00,  9.43922534e-17, -2.03924253e-16,\n",
       "        -4.16117852e-17, -8.57750402e-18],\n",
       "       [ 9.43922534e-17,  1.00000000e+00,  2.61279341e-16,\n",
       "         7.31682679e-17,  1.77052395e-17],\n",
       "       [-2.03924253e-16,  2.61279341e-16,  1.00000000e+00,\n",
       "        -1.69490966e-16, -7.11991378e-17],\n",
       "       [-4.16117852e-17,  7.31682679e-17, -1.69490966e-16,\n",
       "         1.00000000e+00, -4.00102757e-17],\n",
       "       [-8.57750402e-18,  1.77052395e-17, -7.11991378e-17,\n",
       "        -4.00102757e-17,  1.00000000e+00]])"
      ]
     },
     "execution_count": 34,
     "metadata": {},
     "output_type": "execute_result"
    }
   ],
   "execution_count": 34
  },
  {
   "metadata": {
    "ExecuteTime": {
     "end_time": "2026-01-28T19:12:38.763075Z",
     "start_time": "2026-01-28T19:12:38.760469Z"
    }
   },
   "cell_type": "code",
   "source": "np.dot(V.T, V)",
   "id": "5be7f462a15f79b6",
   "outputs": [
    {
     "data": {
      "text/plain": [
       "array([[ 1.00000000e+00,  2.48722557e-17, -1.16098057e-17],\n",
       "       [ 2.48722557e-17,  1.00000000e+00, -6.33614567e-17],\n",
       "       [-1.16098057e-17, -6.33614567e-17,  1.00000000e+00]])"
      ]
     },
     "execution_count": 36,
     "metadata": {},
     "output_type": "execute_result"
    }
   ],
   "execution_count": 36
  },
  {
   "metadata": {
    "ExecuteTime": {
     "end_time": "2026-01-28T19:13:17.102961Z",
     "start_time": "2026-01-28T19:13:17.100443Z"
    }
   },
   "cell_type": "code",
   "source": "np.dot(U, D)",
   "id": "6dcc3812542c0799",
   "outputs": [
    {
     "data": {
      "text/plain": [
       "array([[ 1.50521386,  0.9629034 , -1.34430215],\n",
       "       [ 3.46702765, -3.25046504,  1.5537684 ],\n",
       "       [-1.26779411, -5.06288401, -1.32661359],\n",
       "       [ 7.8403402 ,  0.37300164, -0.62444796],\n",
       "       [ 0.71702467,  0.66514082, -0.20847855]])"
      ]
     },
     "execution_count": 37,
     "metadata": {},
     "output_type": "execute_result"
    }
   ],
   "execution_count": 37
  },
  {
   "metadata": {
    "ExecuteTime": {
     "end_time": "2026-01-28T19:13:33.701465Z",
     "start_time": "2026-01-28T19:13:33.698355Z"
    }
   },
   "cell_type": "code",
   "source": "np.dot(np.dot(U, D), V.T)",
   "id": "9c9e9a7e33eeac47",
   "outputs": [
    {
     "data": {
      "text/plain": [
       "array([[ 1.00000000e+00,  2.00000000e+00,  5.13921141e-16],\n",
       "       [ 1.25369098e-15, -2.94364984e-15,  5.00000000e+00],\n",
       "       [ 3.00000000e+00, -4.00000000e+00,  2.00000000e+00],\n",
       "       [ 1.00000000e+00,  6.00000000e+00,  5.00000000e+00],\n",
       "       [-1.33610390e-16,  1.00000000e+00, -9.73661964e-17]])"
      ]
     },
     "execution_count": 38,
     "metadata": {},
     "output_type": "execute_result"
    }
   ],
   "execution_count": 38
  },
  {
   "metadata": {
    "ExecuteTime": {
     "end_time": "2026-01-29T18:01:30.208760Z",
     "start_time": "2026-01-29T18:01:29.778958Z"
    }
   },
   "cell_type": "code",
   "source": [
    "# Шаг 7_2_9\n",
    "\n",
    "# Связь между спектральным и сингулярным разложением\n",
    "\n",
    "import numpy as np\n",
    "\n",
    "np.set_printoptions(precision = 2, suppress = True)\n",
    "\n",
    "A = np.array([[1.0, 2.0, -1.0], [2.0, 2.0, 5.0], [-1.0, 5.0, -3.0]])\n",
    "\n",
    "v,w = np.linalg.eigh(A)\n",
    "\n",
    "D_sp = np.diag(v)\n",
    "S_sp = w.T\n",
    "\n",
    "print(S_sp.T, D_sp, S_sp, sep = '\\n\\n')\n",
    "\n"
   ],
   "id": "248003af3900c064",
   "outputs": [
    {
     "name": "stdout",
     "output_type": "stream",
     "text": [
      "[[-0.25  0.93 -0.27]\n",
      " [ 0.53 -0.11 -0.84]\n",
      " [-0.81 -0.35 -0.47]]\n",
      "\n",
      "[[-6.58  0.    0.  ]\n",
      " [ 0.    1.15  0.  ]\n",
      " [ 0.    0.    5.43]]\n",
      "\n",
      "[[-0.25  0.53 -0.81]\n",
      " [ 0.93 -0.11 -0.35]\n",
      " [-0.27 -0.84 -0.47]]\n"
     ]
    }
   ],
   "execution_count": 1
  },
  {
   "metadata": {
    "ExecuteTime": {
     "end_time": "2026-01-29T18:01:31.969889Z",
     "start_time": "2026-01-29T18:01:31.964952Z"
    }
   },
   "cell_type": "code",
   "source": "np.dot(np.dot(S_sp.T, D_sp), S_sp)",
   "id": "fd3948ce18173739",
   "outputs": [
    {
     "data": {
      "text/plain": [
       "array([[ 1.,  2., -1.],\n",
       "       [ 2.,  2.,  5.],\n",
       "       [-1.,  5., -3.]])"
      ]
     },
     "execution_count": 2,
     "metadata": {},
     "output_type": "execute_result"
    }
   ],
   "execution_count": 2
  },
  {
   "metadata": {
    "ExecuteTime": {
     "end_time": "2026-01-29T18:04:55.700441Z",
     "start_time": "2026-01-29T18:04:55.697364Z"
    }
   },
   "cell_type": "code",
   "source": [
    "import numpy as np\n",
    "\n",
    "np.set_printoptions(precision = 2, suppress = True)\n",
    "\n",
    "A = np.array([[1.0, 2.0, -1.0], [2.0, 2.0, 5.0], [-1.0, 5.0, -3.0]])\n",
    "\n",
    "U_sin, s, W = np.linalg.svd(A)\n",
    "D_sin = np.zeros_like(A, dtype = float)\n",
    "D_sin[np.diag_indices(min(A.shape))] = s\n",
    "\n",
    "V_sin = W.T\n",
    "\n",
    "print(U_sin, D_sin, V_sin.T, sep = '\\n\\n')"
   ],
   "id": "adce49c9a49ee795",
   "outputs": [
    {
     "name": "stdout",
     "output_type": "stream",
     "text": [
      "[[ 0.25  0.27 -0.93]\n",
      " [-0.53  0.84  0.11]\n",
      " [ 0.81  0.47  0.35]]\n",
      "\n",
      "[[6.58 0.   0.  ]\n",
      " [0.   5.43 0.  ]\n",
      " [0.   0.   1.15]]\n",
      "\n",
      "[[-0.25  0.53 -0.81]\n",
      " [ 0.27  0.84  0.47]\n",
      " [-0.93  0.11  0.35]]\n"
     ]
    }
   ],
   "execution_count": 7
  },
  {
   "metadata": {
    "ExecuteTime": {
     "end_time": "2026-01-29T18:07:00.979440Z",
     "start_time": "2026-01-29T18:07:00.976818Z"
    }
   },
   "cell_type": "code",
   "source": "np.dot(np.dot(U_sin, D_sin), V_sin.T)",
   "id": "ad63ba89d1204cb6",
   "outputs": [
    {
     "data": {
      "text/plain": [
       "array([[ 1.,  2., -1.],\n",
       "       [ 2.,  2.,  5.],\n",
       "       [-1.,  5., -3.]])"
      ]
     },
     "execution_count": 9,
     "metadata": {},
     "output_type": "execute_result"
    }
   ],
   "execution_count": 9
  },
  {
   "metadata": {},
   "cell_type": "code",
   "outputs": [],
   "execution_count": null,
   "source": "#Отличается порядок цифр в массивах и знаки в некоторых местах",
   "id": "58393bf7567e12b6"
  }
 ],
 "metadata": {
  "kernelspec": {
   "display_name": "Python 3",
   "language": "python",
   "name": "python3"
  },
  "language_info": {
   "codemirror_mode": {
    "name": "ipython",
    "version": 2
   },
   "file_extension": ".py",
   "mimetype": "text/x-python",
   "name": "python",
   "nbconvert_exporter": "python",
   "pygments_lexer": "ipython2",
   "version": "2.7.6"
  }
 },
 "nbformat": 4,
 "nbformat_minor": 5
}
