{
 "cells": [
  {
   "metadata": {},
   "cell_type": "code",
   "source": [
    "# Шаг 7_2_1\n",
    "\n",
    "# Спектральное и сингулярное разложение матриц\n",
    "\n",
    "# 1. Спектральное разложение матриц\n",
    "# 2. Что такое квадратичные формы\n",
    "# 3. Упрощение квадратичных форм с помощью спектрального разложения\n",
    "# 4. Сингулярное разложение матриц\n",
    "# 5. Связь между спектральным и сингулярным разложениями (частный случай для квадратных матриц)"
   ],
   "id": "14cf844995e9069c",
   "outputs": [],
   "execution_count": null
  },
  {
   "metadata": {
    "ExecuteTime": {
     "end_time": "2026-01-27T17:21:52.859894Z",
     "start_time": "2026-01-27T17:21:52.430433Z"
    }
   },
   "cell_type": "code",
   "source": [
    "# Шаг 7_2_2\n",
    "\n",
    "# Спектральное разложение матрицы\n",
    "\n",
    "import numpy as np\n",
    "\n",
    "np.set_printoptions(precision = 2, suppress = True)\n",
    "\n",
    "A = np.array([[1.0, 2.0, -1.0], [2.0, 2.0, 5.0], [-1.0, 5.0, -3.0]])\n",
    "A"
   ],
   "id": "d97b0a8d7d70ffe1",
   "outputs": [
    {
     "data": {
      "text/plain": [
       "array([[ 1.,  2., -1.],\n",
       "       [ 2.,  2.,  5.],\n",
       "       [-1.,  5., -3.]])"
      ]
     },
     "execution_count": 1,
     "metadata": {},
     "output_type": "execute_result"
    }
   ],
   "execution_count": 1
  },
  {
   "metadata": {
    "ExecuteTime": {
     "end_time": "2026-01-27T17:22:34.325478Z",
     "start_time": "2026-01-27T17:22:34.323204Z"
    }
   },
   "cell_type": "code",
   "source": "v, w = np.linalg.eigh(A)",
   "id": "4b07ea4d5f86a014",
   "outputs": [],
   "execution_count": 3
  },
  {
   "metadata": {
    "ExecuteTime": {
     "end_time": "2026-01-27T17:22:38.795431Z",
     "start_time": "2026-01-27T17:22:38.792741Z"
    }
   },
   "cell_type": "code",
   "source": "v",
   "id": "708b25d247555e3b",
   "outputs": [
    {
     "data": {
      "text/plain": [
       "array([-6.5753629 ,  1.14911837,  5.42624453])"
      ]
     },
     "execution_count": 4,
     "metadata": {},
     "output_type": "execute_result"
    }
   ],
   "execution_count": 4
  },
  {
   "metadata": {
    "ExecuteTime": {
     "end_time": "2026-01-27T17:22:42.941633Z",
     "start_time": "2026-01-27T17:22:42.938405Z"
    }
   },
   "cell_type": "code",
   "source": "w",
   "id": "bd366a1514956e90",
   "outputs": [
    {
     "data": {
      "text/plain": [
       "array([[-0.24709   ,  0.92927297, -0.27458749],\n",
       "       [ 0.5304425 , -0.10742791, -0.84088643],\n",
       "       [-0.81091139, -0.3534275 , -0.46638151]])"
      ]
     },
     "execution_count": 5,
     "metadata": {},
     "output_type": "execute_result"
    }
   ],
   "execution_count": 5
  },
  {
   "metadata": {
    "ExecuteTime": {
     "end_time": "2026-01-27T17:23:09.632247Z",
     "start_time": "2026-01-27T17:23:09.629580Z"
    }
   },
   "cell_type": "code",
   "source": [
    "D = np.diag(v)\n",
    "D"
   ],
   "id": "f759dfbc9a316872",
   "outputs": [
    {
     "data": {
      "text/plain": [
       "array([[-6.5753629 ,  0.        ,  0.        ],\n",
       "       [ 0.        ,  1.14911837,  0.        ],\n",
       "       [ 0.        ,  0.        ,  5.42624453]])"
      ]
     },
     "execution_count": 7,
     "metadata": {},
     "output_type": "execute_result"
    }
   ],
   "execution_count": 7
  },
  {
   "metadata": {
    "ExecuteTime": {
     "end_time": "2026-01-27T17:23:32.048437Z",
     "start_time": "2026-01-27T17:23:32.045521Z"
    }
   },
   "cell_type": "code",
   "source": [
    "S = w.T\n",
    "S"
   ],
   "id": "365fce33e1d572a",
   "outputs": [
    {
     "data": {
      "text/plain": [
       "array([[-0.24709   ,  0.5304425 , -0.81091139],\n",
       "       [ 0.92927297, -0.10742791, -0.3534275 ],\n",
       "       [-0.27458749, -0.84088643, -0.46638151]])"
      ]
     },
     "execution_count": 8,
     "metadata": {},
     "output_type": "execute_result"
    }
   ],
   "execution_count": 8
  },
  {
   "metadata": {
    "ExecuteTime": {
     "end_time": "2026-01-27T17:23:39.094623Z",
     "start_time": "2026-01-27T17:23:39.091676Z"
    }
   },
   "cell_type": "code",
   "source": "S.T",
   "id": "ab252e74e0ef5830",
   "outputs": [
    {
     "data": {
      "text/plain": [
       "array([[-0.24709   ,  0.92927297, -0.27458749],\n",
       "       [ 0.5304425 , -0.10742791, -0.84088643],\n",
       "       [-0.81091139, -0.3534275 , -0.46638151]])"
      ]
     },
     "execution_count": 9,
     "metadata": {},
     "output_type": "execute_result"
    }
   ],
   "execution_count": 9
  },
  {
   "metadata": {
    "ExecuteTime": {
     "end_time": "2026-01-27T17:23:58.506469Z",
     "start_time": "2026-01-27T17:23:58.503403Z"
    }
   },
   "cell_type": "code",
   "source": "np.dot(S.T, S)",
   "id": "759fadd449f67242",
   "outputs": [
    {
     "data": {
      "text/plain": [
       "array([[1.00000000e+00, 5.80413027e-17, 1.16447902e-16],\n",
       "       [5.80413027e-17, 1.00000000e+00, 4.58528324e-17],\n",
       "       [1.16447902e-16, 4.58528324e-17, 1.00000000e+00]])"
      ]
     },
     "execution_count": 11,
     "metadata": {},
     "output_type": "execute_result"
    }
   ],
   "execution_count": 11
  },
  {
   "metadata": {
    "ExecuteTime": {
     "end_time": "2026-01-27T17:24:40.206748Z",
     "start_time": "2026-01-27T17:24:40.203675Z"
    }
   },
   "cell_type": "code",
   "source": "np.dot(np.dot(S.T, D), S)",
   "id": "825215b2714a5513",
   "outputs": [
    {
     "data": {
      "text/plain": [
       "array([[ 1.,  2., -1.],\n",
       "       [ 2.,  2.,  5.],\n",
       "       [-1.,  5., -3.]])"
      ]
     },
     "execution_count": 12,
     "metadata": {},
     "output_type": "execute_result"
    }
   ],
   "execution_count": 12
  },
  {
   "metadata": {
    "ExecuteTime": {
     "end_time": "2026-01-27T17:31:48.893653Z",
     "start_time": "2026-01-27T17:31:48.891655Z"
    }
   },
   "cell_type": "code",
   "source": [
    "# Шаг 7_2_3\n",
    "\n",
    "# Квадратичные формы\n",
    "\n",
    "# P(x,y,z) = x**2 + 2*y**2 - 3*z**2 + 4*x*y + 10*y*z - 2*x*z\n",
    "\n",
    "#                   (1  2 -1  (x\n",
    "# P(x,y,z) = (x y z) 2  2  5   y\n",
    "#                   -1  5 -3 ) z)\n"
   ],
   "id": "b05e5518e9c22578",
   "outputs": [],
   "execution_count": 13
  },
  {
   "metadata": {
    "ExecuteTime": {
     "end_time": "2026-01-27T17:48:07.636192Z",
     "start_time": "2026-01-27T17:48:07.633463Z"
    }
   },
   "cell_type": "code",
   "source": [
    "# Шаг 7_2_4\n",
    "\n",
    "# Выберите все функции, являющиеся квадратичными формами\n",
    "\n",
    "# Выберите все подходящие ответы из списка:\n",
    "\n",
    "# - P(x) = 8x³ - 4x² + 2x - 1\n",
    "# - P(x, y) = x⁴ + y³ + x² + y + 42\n",
    "# - P(x) = 9x² - 6x + 1\n",
    "# + P(x) = x²\n",
    "# + P(x, y) = x² + 2xy + y²\n",
    "# + P(x, y) = (3x - 2y)²\n",
    "# - P(x) = (3x - 1)²\n",
    "# - P(x, y) = x² + 2xy + y² + 3x + 3y + 4\n",
    "\n"
   ],
   "id": "5eb7a8986cded666",
   "outputs": [],
   "execution_count": 14
  },
  {
   "metadata": {
    "ExecuteTime": {
     "end_time": "2026-01-27T17:48:09.251135Z",
     "start_time": "2026-01-27T17:48:09.248979Z"
    }
   },
   "cell_type": "code",
   "source": [
    "# Шаг 7_2_5\n",
    "\n",
    "# Выберите все функции, являющиеся квадратичными формами\n",
    "\n",
    "# В данном вопросе есть небольшой подвох.\n",
    "\n",
    "# Выберите все подходящие ответы из списка:\n",
    "\n",
    "# - P(x, y) = (x + y)²\n",
    "# - P(x, y) = x²\n",
    "# - P(x, y) = x² + y²\n",
    "# - P(x, y) = x² + xy + y²\n",
    "# - P(x, y) = xy\n"
   ],
   "id": "872a9e65277142d7",
   "outputs": [],
   "execution_count": 15
  }
 ],
 "metadata": {
  "kernelspec": {
   "display_name": "Python 3",
   "language": "python",
   "name": "python3"
  },
  "language_info": {
   "codemirror_mode": {
    "name": "ipython",
    "version": 2
   },
   "file_extension": ".py",
   "mimetype": "text/x-python",
   "name": "python",
   "nbconvert_exporter": "python",
   "pygments_lexer": "ipython2",
   "version": "2.7.6"
  }
 },
 "nbformat": 4,
 "nbformat_minor": 5
}
